0,030903 0,7483633 0,7792662
0,1187566 0,6608163 0,7795728
0,2496886 0,530191 0,7798796
0,4029798 0,3772066 0,7801864
0,5543467 0,2261467 0,7804934
0,6797919 0,1010086 0,7808005
0,7594127 0,0216951 0,7811077
0,7805623 0,0008528 0,7814151
0,7398631 0,0418594 0,7817225
0,6437492 0,1382809 0,7820301
0,5074536 0,2748842 0,7823378
0,3525976 0,4300481 0,7826457
0,2037649 0,5791887 0,7829536
0,0846027 0,698659 0,7832617
0,0140685 0,7695013 0,7835699
0,003418 0,7804602 0,7838782
0,0544129 0,7297737 0,7841866
0,1590339 0,6254613 0,7844952
0,3007455 0,4840584 0,7848038
