x:
0 0,3141593 0,6283185 0,9424778 1,2566371 1,5707963 1,8849556 2,1991149 2,5132741 2,8274334 3.1415927 
y:
0 0,309017 0,5877853 0,809017 0,9510565 1 0,9510565 0,809017 0,5877853 0,309017  0,0
0 0,3028873 0,5761259 0,7929693 0,9321913 0,980164 0,9321913 0,7929693 0,5761259 0,3028873 0
0 0,2846199 0,5413792 0,7451445 0,8759699 0,9210493 0,8759699 0,7451445 0,5413792 0,2846199 0
0 0,2549418 0,4849281 0,6674463 0,7846302 0,825009 0,7846302 0,6674463 0,4849281 0,2549418 0
0 0,2150377 0,4090259 0,5629759 0,6618178 0,6958765 0,6618178 0,5629759 0,4090259 0,2150377 0
0 0,1665022 0,316706 0,4359084 0,5124411 0,5388124 0,5124411 0,4359084 0,316706 0,1665022 0
0 0,1112767 0,2116608 0,2913261 0,3424743 0,3600988 0,3424743 0,2913261 0,2116608 0,1112767 0
0 0,051571 0,0980939 0,1350146 0,1587192 0,1668873 0,1587192 0,1350146 0,0980939 0,051571 0
0 -0,0102244 -0,0194479 -0,0267677 -0,0314673 -0,0330867 -0,0314673 -0,0267677 -0,0194479 -0,0102244 0
0 -0,0716344 -0,1362567 -0,1875412 -0,2204679 -0,2318137 -0,2204679 -0,1875412 -0,1362567 -0,0716344 0
0 -0,1301985 -0,2476523 -0,3408641 -0,4007098 -0,4213312 -0,4007098 -0,3408641 -0,2476523 -0,1301985 0
0 -0,1835692 -0,3491693 -0,4805904 -0,5649679 -0,5940424 -0,5649679 -0,4805904 -0,3491693 -0,1835692 0
0 -0,2296061 -0,4367367 -0,6011165 -0,7066548 -0,7430208 -0,7066548 -0,6011165 -0,4367367 -0,2296061 0
0 -0,2664618 -0,5068404 -0,697606 -0,820085 -0,8622884 -0,820085 -0,697606 -0,5068404 -0,2664618 0
0 -0,292656 -0,5566648 -0,7661834 -0,9007026 -0,9470548 -0,9007026 -0,7661834 -0,5566648 -0,292656 0
0 -0,3071352 -0,5842058 -0,8040903 -0,9452649 -0,9939103 -0,9452649 -0,8040903 -0,5842058 -0,3071352 0
0 -0,3093145 -0,5883511 -0,8097958 -0,951972 -1,0009626 -0,951972 -0,8097958 -0,5883511 -0,3093145 0
0 -0,2991018 -0,5689254 -0,7830586 -0,9205406 -0,9679136 -0,9205406 -0,7830586 -0,5689254 -0,2991018 0
0 -0,2769014 -0,5266977 -0,7249372 -0,8522147 -0,8960716 -0,8522147 -0,7249372 -0,5266977 -0,2769014 0
0 -0,243598 -0,4633509 -0,6377479 -0,7497176 -0,7882997 -0,7497176 -0,6377479 -0,4633509 -0,243598 0
